1 0.0 0.0 0.0 0.00393 0.0157 0.102 0.455 1.323 2.706 3.841 5.024 6.635 7.879 9.55 10.828
2 0.01 0.0201 0.0506 0.103 0.211 0.575 1.386 2.773 4.605 5.991 7.378 9.21 10.597 12.429 13.816
3 0.0717 0.115 0.216 0.352 0.584 1.213 2.366 4.108 6.251 7.815 9.348 11.345 12.838 14.796 16.266
4 0.207 0.297 0.484 0.711 1.064 1.923 3.357 5.385 7.779 9.488 11.143 13.277 14.86 16.924 18.467
5 0.412 0.554 0.831 1.145 1.61 2.675 4.351 6.626 9.236 11.07 12.833 15.086 16.75 18.907 20.515
6 0.676 0.872 1.237 1.635 2.204 3.455 5.348 7.841 10.645 12.592 14.449 16.812 18.548 20.791 22.458
7 0.989 1.239 1.69 2.167 2.833 4.255 6.346 9.037 12.017 14.067 16.013 18.475 20.278 22.601 24.322
8 1.344 1.646 2.18 2.733 3.49 5.071 7.344 10.219 13.362 15.507 17.535 20.09 21.955 24.352 26.124
9 1.735 2.088 2.7 3.325 4.168 5.899 8.343 11.389 14.684 16.919 19.023 21.666 23.589 26.056 27.877
10 2.156 2.558 3.247 3.94 4.865 6.737 9.342 12.549 15.987 18.307 20.483 23.209 25.188 27.722 29.588
11 2.603 3.053 3.816 4.575 5.578 7.584 10.341 13.701 17.275 19.675 21.92 24.725 26.757 29.354 31.264
12 3.074 3.571 4.404 5.226 6.304 8.438 11.34 14.845 18.549 21.026 23.337 26.217 28.3 30.957 32.909
13 3.565 4.107 5.009 5.892 7.042 9.299 12.34 15.984 19.812 22.362 24.736 27.688 29.819 32.535 34.528
14 4.075 4.66 5.629 6.571 7.79 10.165 13.339 17.117 21.064 23.685 26.119 29.141 31.319 34.091 36.123
15 4.601 5.229 6.262 7.261 8.547 11.037 14.339 18.245 22.307 24.996 27.488 30.578 32.801 35.628 37.697
16 5.142 5.812 6.908 7.962 9.312 11.912 15.338 19.369 23.542 26.296 28.845 32 34.267 37.146 39.252
17 5.697 6.408 7.564 8.672 10.085 12.792 16.338 20.489 24.769 27.587 30.191 33.409 35.718 38.648 40.79
18 6.265 7.015 8.231 9.39 10.865 13.675 17.338 21.605 25.989 28.869 31.526 34.805 37.156 40.136 42.312
19 6.844 7.633 8.907 10.117 11.651 14.562 18.338 22.718 27.204 30.144 32.852 36.191 38.582 41.61 43.82
20 7.434 8.26 9.591 10.851 12.443 15.452 19.337 23.828 28.412 31.41 34.17 37.566 39.997 43.072 45.315
21 8.034 8.897 10.283 11.591 13.24 16.344 20.337 24.935 29.615 32.671 35.479 38.932 41.401 44.522 46.797
22 8.643 9.542 10.982 12.338 14.041 17.24 21.337 26.039 30.813 33.924 36.781 40.289 42.796 45.962 48.268
23 9.26 10.196 11.689 13.091 14.848 18.137 22.337 27.141 32.007 35.172 38.076 41.638 44.181 47.391 49.728
24 9.886 10.856 12.401 13.848 15.659 19.037 23.337 28.241 33.196 36.415 39.364 42.98 45.559 48.812 51.179
25 10.52 11.524 13.12 14.611 16.473 19.939 24.337 29.339 34.382 37.652 40.646 44.314 46.928 50.223 52.62
26 11.16 12.198 13.844 15.379 17.292 20.843 25.336 30.435 35.563 38.885 41.923 45.642 48.29 51.627 54.052
27 11.808 12.879 14.573 16.151 18.114 21.749 26.336 31.528 36.741 40.113 43.195 46.963 49.645 53.023 55.476
28 12.461 13.565 15.308 16.928 18.939 22.657 27.336 32.62 37.916 41.337 44.461 48.278 50.993 54.411 56.892
29 13.121 14.256 16.047 17.708 19.768 23.567 28.336 33.711 39.087 42.557 45.722 49.588 52.336 55.792 58.301
30 13.787 14.953 16.791 18.493 20.599 24.478 29.336 34.8 40.256 43.773 46.979 50.892 53.672 57.167 59.703
31 14.458 15.655 17.539 19.281 21.434 25.39 30.336 35.887 41.422 44.985 48.232 52.191 55.003 58.536 61.098
32 15.134 16.362 18.291 20.072 22.271 26.304 31.336 36.973 42.585 46.194 49.48 53.486 56.328 59.899 62.487
33 15.815 17.074 19.047 20.867 23.11 27.219 32.336 38.058 43.745 47.4 50.725 54.776 57.648 61.256 63.87
34 16.501 17.789 19.806 21.664 23.952 28.136 33.336 39.141 44.903 48.602 51.966 56.061 58.964 62.608 65.247
35 17.192 18.509 20.569 22.465 24.797 29.054 34.336 40.223 46.059 49.802 53.203 57.342 60.275 63.955 66.619
36 17.887 19.233 21.336 23.269 25.643 29.973 35.336 41.304 47.212 50.998 54.437 58.619 61.581 65.296 67.985
37 18.586 19.96 22.106 24.075 26.492 30.893 36.336 42.383 48.363 52.192 55.668 59.893 62.883 66.633 69.346
38 19.289 20.691 22.878 24.884 27.343 31.815 37.335 43.462 49.513 53.384 56.896 61.162 64.181 67.966 70.703
39 19.996 21.426 23.654 25.695 28.196 32.737 38.335 44.539 50.66 54.572 58.12 62.428 65.476 69.294 72.055
40 20.707 22.164 24.433 26.509 29.051 33.66 39.335 45.616 51.805 55.758 59.342 63.691 66.766 70.618 73.402
41 21.421 22.906 25.215 27.326 29.907 34.585 40.335 46.692 52.949 56.942 60.561 64.95 68.053 71.938 74.745
42 22.138 23.65 25.999 28.144 30.765 35.51 41.335 47.766 54.09 58.124 61.777 66.206 69.336 73.254 76.084
43 22.859 24.398 26.785 28.965 31.625 36.436 42.335 48.84 55.23 59.304 62.99 67.459 70.616 74.566 77.419
44 23.584 25.148 27.575 29.787 32.487 37.363 43.335 49.913 56.369 60.481 64.201 68.71 71.893 75.874 78.75
45 24.311 25.901 28.366 30.612 33.35 38.291 44.335 50.985 57.505 61.656 65.41 69.957 73.166 77.179 80.077
46 25.041 26.657 29.16 31.439 34.215 39.22 45.335 52.056 58.641 62.83 66.617 71.201 74.437 78.481 81.4
47 25.775 27.416 29.956 32.268 35.081 40.149 46.335 53.127 59.774 64.001 67.821 72.443 75.704 79.78 82.72
48 26.511 28.177 30.755 33.098 35.949 41.079 47.335 54.196 60.907 65.171 69.023 73.683 76.969 81.075 84.037
49 27.249 28.941 31.555 33.93 36.818 42.01 48.335 55.265 62.038 66.339 70.222 74.919 78.231 82.367 85.351
50 27.991 29.707 32.357 34.764 37.689 42.942 49.335 56.334 63.167 67.505 71.42 76.154 79.49 83.657 86.661
